num_founder mean_children_num variance_children_num umi_len err_rate insertion-deletion-substitution replicate total_umi simulated_mean_children_num simulated_variance_children_num substitution_base indel_base simulated_insertion-deletion-substitution substitution_only_umi indel_umi uniq_umi tool clustering_threshold thread runtime_in_sec dedup_umi_cluster V-measure homogeneity_score completeness_score RPU_cutoff RPU_cutoff_model estimated_molecule
1000 100 200 12 0.005 1-1-40 1 100704 100.704 206 5690 293 1.000-1.093-40.643 5531 293 6419 UMI-nea 1 14 0.35 1155 0.9994 1.0000 0.9987 11 negbinom 1000
1000 100 200 12 0.005 1-1-40 1 100704 100.704 206 5690 293 1.000-1.093-40.643 5531 293 6419 umi-tools 1 1 1.53 1253 0.9987 0.9998 0.9977 NA NA 1253
1000 100 200 12 0.005 1-1-40 1 100704 100.704 206 5690 293 1.000-1.093-40.643 5531 293 6419 calib 1 14 0.18 1209 0.9897 0.9820 0.9975 NA NA 1209
1000 100 200 12 0.005 1-1-40 1 100704 100.704 206 5690 293 1.000-1.093-40.643 5531 293 6419 humid 1 1 1.39 1266 0.9978 0.9989 0.9966 NA NA 1266
1000 100 200 12 0.005 1-1-40 1 100704 100.704 206 5690 293 1.000-1.093-40.643 5531 293 6419 humid-fixed 1 1 1.39 1395 0.9984 1.0000 0.9968 NA NA 1395
1000 100 200 12 0.005 1-1-40 1 100704 100.704 206 5690 293 1.000-1.093-40.643 5531 293 6419 humid-fixed-max 1 1 1.39 1322 0.9957 0.9942 0.9971 NA NA 1322
1000 100 200 12 0.005 1-1-40 2 100935 100.935 185 5619 288 1.000-1.133-41.622 5455 287 6352 UMI-nea 1 14 0.35 1161 0.9993 1.0000 0.9987 11 negbinom 1000
1000 100 200 12 0.005 1-1-40 2 100935 100.935 185 5619 288 1.000-1.133-41.622 5455 287 6352 umi-tools 1 1 1.26 1247 0.9987 0.9997 0.9977 NA NA 1247
1000 100 200 12 0.005 1-1-40 2 100935 100.935 185 5619 288 1.000-1.133-41.622 5455 287 6352 calib 1 14 0.18 1225 0.9897 0.9821 0.9974 NA NA 1225
1000 100 200 12 0.005 1-1-40 2 100935 100.935 185 5619 288 1.000-1.133-41.622 5455 287 6352 humid 1 1 1.39 1253 0.9977 0.9988 0.9966 NA NA 1253
1000 100 200 12 0.005 1-1-40 2 100935 100.935 185 5619 288 1.000-1.133-41.622 5455 287 6352 humid-fixed 1 1 1.39 1385 0.9983 0.9999 0.9968 NA NA 1385
1000 100 200 12 0.005 1-1-40 2 100935 100.935 185 5619 288 1.000-1.133-41.622 5455 287 6352 humid-fixed-max 1 1 1.39 1317 0.9950 0.9930 0.9971 NA NA 1317
1000 100 200 12 0.005 1-1-40 3 101261 101.261 191 5784 252 1.000-1.000-45.905 5623 252 6415 UMI-nea 1 14 0.36 1165 0.9992 0.9998 0.9986 10 negbinom 999
1000 100 200 12 0.005 1-1-40 3 101261 101.261 191 5784 252 1.000-1.000-45.905 5623 252 6415 umi-tools 1 1 1.30 1234 0.9988 0.9997 0.9979 NA NA 1234
1000 100 200 12 0.005 1-1-40 3 101261 101.261 191 5784 252 1.000-1.000-45.905 5623 252 6415 calib 1 14 0.17 1184 0.9891 0.9807 0.9977 NA NA 1184
1000 100 200 12 0.005 1-1-40 3 101261 101.261 191 5784 252 1.000-1.000-45.905 5623 252 6415 humid 1 1 1.40 1253 0.9980 0.9991 0.9970 NA NA 1253
1000 100 200 12 0.005 1-1-40 3 101261 101.261 191 5784 252 1.000-1.000-45.905 5623 252 6415 humid-fixed 1 1 1.40 1361 0.9985 1.0000 0.9971 NA NA 1361
1000 100 200 12 0.005 1-1-40 3 101261 101.261 191 5784 252 1.000-1.000-45.905 5623 252 6415 humid-fixed-max 1 1 1.39 1289 0.9958 0.9942 0.9974 NA NA 1289
10000 100 200 12 0.005 1-1-40 1 1009804 100.98 197 56895 2918 1.000-1.011-39.211 55314 2913 64197 UMI-nea 1 14 18.03 11911 0.9982 0.9980 0.9984 6 negbinom 9885
10000 100 200 12 0.005 1-1-40 1 1009804 100.98 197 56895 2918 1.000-1.011-39.211 55314 2913 64197 umi-tools 1 1 32.28 12246 0.9973 0.9980 0.9967 NA NA 12246
10000 100 200 12 0.005 1-1-40 1 1009804 100.98 197 56895 2918 1.000-1.011-39.211 55314 2913 64197 calib 1 14 2.20 3513 0.4345 0.2778 0.9964 NA NA 3513
10000 100 200 12 0.005 1-1-40 1 1009804 100.98 197 56895 2918 1.000-1.011-39.211 55314 2913 64197 humid 1 1 14.27 12560 0.9977 0.9983 0.9971 NA NA 12560
10000 100 200 12 0.005 1-1-40 1 1009804 100.98 197 56895 2918 1.000-1.011-39.211 55314 2913 64197 humid-fixed 1 1 14.26 13754 0.9983 0.9994 0.9972 NA NA 13754
10000 100 200 12 0.005 1-1-40 1 1009804 100.98 197 56895 2918 1.000-1.011-39.211 55314 2913 64197 humid-fixed-max 1 1 22.09 10216 0.9694 0.9426 0.9978 NA NA 10216
10000 100 200 12 0.005 1-1-40 2 1010701 101.07 199 56803 2833 1.000-1.038-40.865 55210 2833 64088 UMI-nea 1 14 17.06 11875 0.9984 0.9982 0.9985 7 negbinom 9902
10000 100 200 12 0.005 1-1-40 2 1010701 101.07 199 56803 2833 1.000-1.038-40.865 55210 2833 64088 umi-tools 1 1 32.39 12269 0.9973 0.9980 0.9967 NA NA 12269
10000 100 200 12 0.005 1-1-40 2 1010701 101.07 199 56803 2833 1.000-1.038-40.865 55210 2833 64088 calib 1 14 2.21 4484 0.5021 0.3358 0.9954 NA NA 4484
10000 100 200 12 0.005 1-1-40 2 1010701 101.07 199 56803 2833 1.000-1.038-40.865 55210 2833 64088 humid 1 1 14.28 12515 0.9978 0.9984 0.9972 NA NA 12515
10000 100 200 12 0.005 1-1-40 2 1010701 101.07 199 56803 2833 1.000-1.038-40.865 55210 2833 64088 humid-fixed 1 1 14.29 13711 0.9984 0.9995 0.9973 NA NA 13711
10000 100 200 12 0.005 1-1-40 2 1010701 101.07 199 56803 2833 1.000-1.038-40.865 55210 2833 64088 humid-fixed-max 1 1 14.35 10249 0.9702 0.9442 0.9978 NA NA 10249
10000 100 200 12 0.005 1-1-40 3 1011574 101.157 199 57182 2750 1.000-1.015-41.892 55641 2747 64343 UMI-nea 1 14 17.07 11954 0.9981 0.9977 0.9984 6 negbinom 9870
10000 100 200 12 0.005 1-1-40 3 1011574 101.157 199 57182 2750 1.000-1.015-41.892 55641 2747 64343 umi-tools 1 1 32.87 12134 0.9974 0.9980 0.9968 NA NA 12134
10000 100 200 12 0.005 1-1-40 3 1011574 101.157 199 57182 2750 1.000-1.015-41.892 55641 2747 64343 calib 1 14 2.20 3683 0.4711 0.3085 0.9968 NA NA 3683
10000 100 200 12 0.005 1-1-40 3 1011574 101.157 199 57182 2750 1.000-1.015-41.892 55641 2747 64343 humid 1 1 14.27 12468 0.9978 0.9984 0.9972 NA NA 12468
10000 100 200 12 0.005 1-1-40 3 1011574 101.157 199 57182 2750 1.000-1.015-41.892 55641 2747 64343 humid-fixed 1 1 18.99 13586 0.9984 0.9995 0.9973 NA NA 13586
10000 100 200 12 0.005 1-1-40 3 1011574 101.157 199 57182 2750 1.000-1.015-41.892 55641 2747 64343 humid-fixed-max 1 1 14.27 10093 0.9697 0.9431 0.9979 NA NA 10093
1000 100 200 18 0.005 1-1-40 1 100802 100.802 195 8610 448 1.000-1.103-40.423 8210 447 9139 UMI-nea 2 14 0.59 1011 1.0000 1.0000 0.9999 50 negbinom 1000
1000 100 200 18 0.005 1-1-40 1 100802 100.802 195 8610 448 1.000-1.103-40.423 8210 447 9139 umi-tools 2 1 1.67 1138 0.9994 1.0000 0.9988 NA NA 1138
1000 100 200 18 0.005 1-1-40 1 100802 100.802 195 8610 448 1.000-1.103-40.423 8210 447 9139 calib 2 14 0.24 1340 0.9985 0.9998 0.9972 NA NA 1340
1000 100 200 18 0.005 1-1-40 1 100802 100.802 195 8610 448 1.000-1.103-40.423 8210 447 9139 humid 2 1 2.63 1176 0.9975 0.9982 0.9968 NA NA 1176
1000 100 200 18 0.005 1-1-40 1 100802 100.802 195 8610 448 1.000-1.103-40.423 8210 447 9139 humid-fixed 2 1 2.68 1188 0.9992 1.0000 0.9985 NA NA 1188
1000 100 200 18 0.005 1-1-40 1 100802 100.802 195 8610 448 1.000-1.103-40.423 8210 447 9139 humid-fixed-max 2 1 2.68 1129 0.9994 0.9998 0.9990 NA NA 1129
1000 100 200 18 0.005 1-1-40 2 101097 101.097 185 8583 445 1.000-1.005-38.662 8200 445 9067 UMI-nea 2 14 0.65 1006 1.0000 1.0000 1.0000 54 negbinom 1000
1000 100 200 18 0.005 1-1-40 2 101097 101.097 185 8583 445 1.000-1.005-38.662 8200 445 9067 umi-tools 2 1 1.60 1135 0.9994 1.0000 0.9989 NA NA 1135
1000 100 200 18 0.005 1-1-40 2 101097 101.097 185 8583 445 1.000-1.005-38.662 8200 445 9067 calib 2 14 0.23 1306 0.9985 0.9996 0.9975 NA NA 1306
1000 100 200 18 0.005 1-1-40 2 101097 101.097 185 8583 445 1.000-1.005-38.662 8200 445 9067 humid 2 1 2.62 1186 0.9975 0.9983 0.9968 NA NA 1186
1000 100 200 18 0.005 1-1-40 2 101097 101.097 185 8583 445 1.000-1.005-38.662 8200 445 9067 humid-fixed 2 1 2.67 1199 0.9992 1.0000 0.9984 NA NA 1199
1000 100 200 18 0.005 1-1-40 2 101097 101.097 185 8583 445 1.000-1.005-38.662 8200 445 9067 humid-fixed-max 2 1 2.66 1139 0.9993 0.9998 0.9989 NA NA 1139
1000 100 200 18 0.005 1-1-40 3 101041 101.041 199 8521 410 1.040-1.000-42.393 8141 409 9026 UMI-nea 2 14 0.59 1017 0.9999 1.0000 0.9999 46 negbinom 1000
1000 100 200 18 0.005 1-1-40 3 101041 101.041 199 8521 410 1.040-1.000-42.393 8141 409 9026 umi-tools 2 1 1.59 1114 0.9995 0.9999 0.9990 NA NA 1114
1000 100 200 18 0.005 1-1-40 3 101041 101.041 199 8521 410 1.040-1.000-42.393 8141 409 9026 calib 2 14 0.23 1303 0.9984 0.9994 0.9975 NA NA 1303
1000 100 200 18 0.005 1-1-40 3 101041 101.041 199 8521 410 1.040-1.000-42.393 8141 409 9026 humid 2 1 2.65 1171 0.9978 0.9985 0.9971 NA NA 1171
1000 100 200 18 0.005 1-1-40 3 101041 101.041 199 8521 410 1.040-1.000-42.393 8141 409 9026 humid-fixed 2 1 2.64 1188 0.9992 1.0000 0.9985 NA NA 1188
1000 100 200 18 0.005 1-1-40 3 101041 101.041 199 8521 410 1.040-1.000-42.393 8141 409 9026 humid-fixed-max 2 1 2.69 1123 0.9993 0.9996 0.9990 NA NA 1123
10000 100 200 18 0.005 1-1-40 1 1009036 100.904 200 85746 4293 1.003-1.000-40.012 81988 4279 90682 UMI-nea 2 14 33.93 10102 1.0000 1.0000 0.9999 50 negbinom 9999
10000 100 200 18 0.005 1-1-40 1 1009036 100.904 200 85746 4293 1.003-1.000-40.012 81988 4279 90682 umi-tools 2 1 67.29 11222 0.9995 0.9999 0.9991 NA NA 11222
10000 100 200 18 0.005 1-1-40 1 1009036 100.904 200 85746 4293 1.003-1.000-40.012 81988 4279 90682 calib 2 14 3.04 12639 0.9968 0.9954 0.9982 NA NA 12639
10000 100 200 18 0.005 1-1-40 1 1009036 100.904 200 85746 4293 1.003-1.000-40.012 81988 4279 90682 humid 2 1 34.41 11687 0.9980 0.9983 0.9977 NA NA 11687
10000 100 200 18 0.005 1-1-40 1 1009036 100.904 200 85746 4293 1.003-1.000-40.012 81988 4279 90682 humid-fixed 2 1 34.01 11819 0.9994 1.0000 0.9989 NA NA 11819
10000 100 200 18 0.005 1-1-40 1 1009036 100.904 200 85746 4293 1.003-1.000-40.012 81988 4279 90682 humid-fixed-max 2 1 33.88 11169 0.9993 0.9993 0.9993 NA NA 11169
10000 100 200 18 0.005 1-1-40 2 1011529 101.153 201 85994 4320 1.017-1.000-40.147 82228 4311 90931 UMI-nea 2 14 34.23 10100 1.0000 1.0000 0.9999 50 negbinom 9998
10000 100 200 18 0.005 1-1-40 2 1011529 101.153 201 85994 4320 1.017-1.000-40.147 82228 4311 90931 umi-tools 2 1 67.81 11306 0.9994 0.9998 0.9990 NA NA 11306
10000 100 200 18 0.005 1-1-40 2 1011529 101.153 201 85994 4320 1.017-1.000-40.147 82228 4311 90931 calib 2 14 3.23 12767 0.9972 0.9963 0.9981 NA NA 12767
10000 100 200 18 0.005 1-1-40 2 1011529 101.153 201 85994 4320 1.017-1.000-40.147 82228 4311 90931 humid 2 1 33.79 11682 0.9980 0.9983 0.9977 NA NA 11682
10000 100 200 18 0.005 1-1-40 2 1011529 101.153 201 85994 4320 1.017-1.000-40.147 82228 4311 90931 humid-fixed 2 1 36.43 11852 0.9994 1.0000 0.9989 NA NA 11852
10000 100 200 18 0.005 1-1-40 2 1011529 101.153 201 85994 4320 1.017-1.000-40.147 82228 4311 90931 humid-fixed-max 2 1 33.98 11142 0.9992 0.9992 0.9993 NA NA 11142
10000 100 200 18 0.005 1-1-40 3 1008499 100.85 203 85832 4332 1.000-1.029-40.202 82040 4322 90952 UMI-nea 2 14 33.74 10117 0.9999 1.0000 0.9999 49 negbinom 9997
10000 100 200 18 0.005 1-1-40 3 1008499 100.85 203 85832 4332 1.000-1.029-40.202 82040 4322 90952 umi-tools 2 1 68.04 11328 0.9994 0.9998 0.9990 NA NA 11328
10000 100 200 18 0.005 1-1-40 3 1008499 100.85 203 85832 4332 1.000-1.029-40.202 82040 4322 90952 calib 2 14 2.99 12713 0.9969 0.9957 0.9981 NA NA 12713
10000 100 200 18 0.005 1-1-40 3 1008499 100.85 203 85832 4332 1.000-1.029-40.202 82040 4322 90952 humid 2 1 33.30 11691 0.9979 0.9982 0.9977 NA NA 11691
10000 100 200 18 0.005 1-1-40 3 1008499 100.85 203 85832 4332 1.000-1.029-40.202 82040 4322 90952 humid-fixed 2 1 33.79 11838 0.9994 1.0000 0.9989 NA NA 11838
10000 100 200 18 0.005 1-1-40 3 1008499 100.85 203 85832 4332 1.000-1.029-40.202 82040 4322 90952 humid-fixed-max 2 1 33.81 11139 0.9992 0.9991 0.9993 NA NA 11139
1000 100 200 12 0.001 1-1-40 1 101200 101.2 202 1192 50 1.500-1.000-59.600 1178 50 2210 UMI-nea 1 14 0.16 1012 0.9996 0.9994 0.9999 46 negbinom 997
1000 100 200 12 0.001 1-1-40 1 101200 101.2 202 1192 50 1.500-1.000-59.600 1178 50 2210 umi-tools 1 1 1.05 1033 0.9998 0.9999 0.9997 NA NA 1033
1000 100 200 12 0.001 1-1-40 1 101200 101.2 202 1192 50 1.500-1.000-59.600 1178 50 2210 calib 1 14 0.17 1024 0.9973 0.9951 0.9996 NA NA 1024
1000 100 200 12 0.001 1-1-40 1 101200 101.2 202 1192 50 1.500-1.000-59.600 1178 50 2210 humid 1 1 1.35 1039 0.9997 0.9999 0.9995 NA NA 1039
1000 100 200 12 0.001 1-1-40 1 101200 101.2 202 1192 50 1.500-1.000-59.600 1178 50 2210 humid-fixed 1 1 1.35 1054 0.9998 1.0000 0.9995 NA NA 1054
1000 100 200 12 0.001 1-1-40 1 101200 101.2 202 1192 50 1.500-1.000-59.600 1178 50 2210 humid-fixed-max 1 1 1.35 1046 0.9990 0.9984 0.9996 NA NA 1046
1000 100 200 12 0.001 1-1-40 2 100510 100.51 201 1123 59 1.107-1.000-40.107 1114 59 2161 UMI-nea 1 14 0.16 1009 1.0000 1.0000 0.9999 51 negbinom 1000
1000 100 200 12 0.001 1-1-40 2 100510 100.51 201 1123 59 1.107-1.000-40.107 1114 59 2161 umi-tools 1 1 1.07 1028 0.9999 1.0000 0.9998 NA NA 1028
1000 100 200 12 0.001 1-1-40 2 100510 100.51 201 1123 59 1.107-1.000-40.107 1114 59 2161 calib 1 14 0.17 1035 0.9984 0.9972 0.9996 NA NA 1035
1000 100 200 12 0.001 1-1-40 2 100510 100.51 201 1123 59 1.107-1.000-40.107 1114 59 2161 humid 1 1 1.34 1035 0.9997 0.9999 0.9995 NA NA 1035
1000 100 200 12 0.001 1-1-40 2 100510 100.51 201 1123 59 1.107-1.000-40.107 1114 59 2161 humid-fixed 1 1 1.34 1056 0.9998 1.0000 0.9995 NA NA 1056
1000 100 200 12 0.001 1-1-40 2 100510 100.51 201 1123 59 1.107-1.000-40.107 1114 59 2161 humid-fixed-max 1 1 1.34 1053 0.9997 0.9998 0.9996 NA NA 1053
1000 100 200 12 0.001 1-1-40 3 101000 101 183 1172 62 1.000-1.480-46.880 1164 62 2213 UMI-nea 1 14 0.17 1008 0.9999 0.9998 0.9999 52 negbinom 999
1000 100 200 12 0.001 1-1-40 3 101000 101 183 1172 62 1.000-1.480-46.880 1164 62 2213 umi-tools 1 1 1.05 1031 0.9999 1.0000 0.9997 NA NA 1031
1000 100 200 12 0.001 1-1-40 3 101000 101 183 1172 62 1.000-1.480-46.880 1164 62 2213 calib 1 14 0.20 1039 0.9984 0.9973 0.9996 NA NA 1039
1000 100 200 12 0.001 1-1-40 3 101000 101 183 1172 62 1.000-1.480-46.880 1164 62 2213 humid 1 1 1.35 1030 0.9996 0.9998 0.9995 NA NA 1030
1000 100 200 12 0.001 1-1-40 3 101000 101 183 1172 62 1.000-1.480-46.880 1164 62 2213 humid-fixed 1 1 1.35 1061 0.9997 1.0000 0.9995 NA NA 1061
1000 100 200 12 0.001 1-1-40 3 101000 101 183 1172 62 1.000-1.480-46.880 1164 62 2213 humid-fixed-max 1 1 1.35 1056 0.9993 0.9991 0.9995 NA NA 1056
10000 100 200 12 0.001 1-1-40 1 1011075 101.108 203 11455 563 1.000-1.055-41.807 11391 563 21760 UMI-nea 1 14 6.29 10073 0.9991 0.9984 0.9998 41 negbinom 9900
10000 100 200 12 0.001 1-1-40 1 1011075 101.108 203 11455 563 1.000-1.055-41.807 11391 563 21760 umi-tools 1 1 9.28 10306 0.9997 0.9998 0.9996 NA NA 10306
10000 100 200 12 0.001 1-1-40 1 1011075 101.108 203 11455 563 1.000-1.055-41.807 11391 563 21760 calib 1 14 1.89 8938 0.9869 0.9745 0.9997 NA NA 8938
10000 100 200 12 0.001 1-1-40 1 1011075 101.108 203 11455 563 1.000-1.055-41.807 11391 563 21760 humid 1 1 13.58 10286 0.9996 0.9997 0.9996 NA NA 10286
10000 100 200 12 0.001 1-1-40 1 1011075 101.108 203 11455 563 1.000-1.055-41.807 11391 563 21760 humid-fixed 1 1 20.00 10535 0.9997 0.9999 0.9996 NA NA 10535
10000 100 200 12 0.001 1-1-40 1 1011075 101.108 203 11455 563 1.000-1.055-41.807 11391 563 21760 humid-fixed-max 1 1 13.58 10053 0.9962 0.9928 0.9997 NA NA 10053
10000 100 200 12 0.001 1-1-40 2 1012139 101.214 198 11579 551 1.144-1.000-45.054 11502 551 21841 UMI-nea 1 14 5.42 10092 0.9991 0.9984 0.9998 40 negbinom 9898
10000 100 200 12 0.001 1-1-40 2 1012139 101.214 198 11579 551 1.144-1.000-45.054 11502 551 21841 umi-tools 1 1 9.40 10328 0.9998 0.9999 0.9997 NA NA 10328
10000 100 200 12 0.001 1-1-40 2 1012139 101.214 198 11579 551 1.144-1.000-45.054 11502 551 21841 calib 1 14 1.95 8994 0.9876 0.9759 0.9997 NA NA 8994
10000 100 200 12 0.001 1-1-40 2 1012139 101.214 198 11579 551 1.144-1.000-45.054 11502 551 21841 humid 1 1 13.55 10322 0.9997 0.9998 0.9996 NA NA 10322
10000 100 200 12 0.001 1-1-40 2 1012139 101.214 198 11579 551 1.144-1.000-45.054 11502 551 21841 humid-fixed 1 1 13.57 10522 0.9998 0.9999 0.9996 NA NA 10522
10000 100 200 12 0.001 1-1-40 2 1012139 101.214 198 11579 551 1.144-1.000-45.054 11502 551 21841 humid-fixed-max 1 1 14.34 10089 0.9965 0.9934 0.9997 NA NA 10089
10000 100 200 12 0.001 1-1-40 3 1010025 101.002 201 11403 590 1.000-1.027-39.186 11344 590 21740 UMI-nea 1 14 5.65 10062 0.9990 0.9983 0.9998 41 negbinom 9890
10000 100 200 12 0.001 1-1-40 3 1010025 101.002 201 11403 590 1.000-1.027-39.186 11344 590 21740 umi-tools 1 1 9.16 10329 0.9997 0.9998 0.9996 NA NA 10329
10000 100 200 12 0.001 1-1-40 3 1010025 101.002 201 11403 590 1.000-1.027-39.186 11344 590 21740 calib 1 14 1.95 9040 0.9876 0.9759 0.9997 NA NA 9040
10000 100 200 12 0.001 1-1-40 3 1010025 101.002 201 11403 590 1.000-1.027-39.186 11344 590 21740 humid 1 1 13.56 10300 0.9996 0.9997 0.9995 NA NA 10300
10000 100 200 12 0.001 1-1-40 3 1010025 101.002 201 11403 590 1.000-1.027-39.186 11344 590 21740 humid-fixed 1 1 20.05 10548 0.9997 0.9999 0.9996 NA NA 10548
10000 100 200 12 0.001 1-1-40 3 1010025 101.002 201 11403 590 1.000-1.027-39.186 11344 590 21740 humid-fixed-max 1 1 13.54 10087 0.9964 0.9931 0.9997 NA NA 10087
1000 100 200 18 0.001 1-1-40 1 100934 100.934 218 1737 96 1.087-1.000-37.761 1726 96 2792 UMI-nea 1 14 0.23 1011 1.0000 1.0000 0.9999 48 negbinom 1000
1000 100 200 18 0.001 1-1-40 1 100934 100.934 218 1737 96 1.087-1.000-37.761 1726 96 2792 umi-tools 1 1 1.08 1066 0.9997 1.0000 0.9995 NA NA 1066
1000 100 200 18 0.001 1-1-40 1 100934 100.934 218 1737 96 1.087-1.000-37.761 1726 96 2792 calib 2 14 0.18 1083 0.9997 1.0000 0.9993 NA NA 1083
1000 100 200 18 0.001 1-1-40 1 100934 100.934 218 1737 96 1.087-1.000-37.761 1726 96 2792 humid 1 1 1.75 1059 0.9995 0.9998 0.9992 NA NA 1059
1000 100 200 18 0.001 1-1-40 1 100934 100.934 218 1737 96 1.087-1.000-37.761 1726 96 2792 humid-fixed 1 1 1.72 1100 0.9996 1.0000 0.9992 NA NA 1100
1000 100 200 18 0.001 1-1-40 1 100934 100.934 218 1737 96 1.087-1.000-37.761 1726 96 2792 humid-fixed-max 1 1 1.72 1100 0.9996 1.0000 0.9992 NA NA 1100
1000 100 200 18 0.001 1-1-40 2 100758 100.758 205 1660 60 1.000-1.222-61.481 1643 60 2673 UMI-nea 1 14 0.23 1017 0.9999 1.0000 0.9999 45 negbinom 1000
1000 100 200 18 0.001 1-1-40 2 100758 100.758 205 1660 60 1.000-1.222-61.481 1643 60 2673 umi-tools 1 1 1.07 1043 0.9998 1.0000 0.9997 NA NA 1043
1000 100 200 18 0.001 1-1-40 2 100758 100.758 205 1660 60 1.000-1.222-61.481 1643 60 2673 calib 2 14 0.18 1050 0.9998 1.0000 0.9996 NA NA 1050
1000 100 200 18 0.001 1-1-40 2 100758 100.758 205 1660 60 1.000-1.222-61.481 1643 60 2673 humid 1 1 1.72 1040 0.9996 0.9998 0.9994 NA NA 1040
1000 100 200 18 0.001 1-1-40 2 100758 100.758 205 1660 60 1.000-1.222-61.481 1643 60 2673 humid-fixed 1 1 1.71 1069 0.9997 1.0000 0.9994 NA NA 1069
1000 100 200 18 0.001 1-1-40 2 100758 100.758 205 1660 60 1.000-1.222-61.481 1643 60 2673 humid-fixed-max 1 1 1.72 1067 0.9997 1.0000 0.9995 NA NA 1067
1000 100 200 18 0.001 1-1-40 3 100678 100.678 189 1706 84 1.154-1.000-43.744 1686 84 2739 UMI-nea 1 14 0.23 1019 0.9999 1.0000 0.9998 45 negbinom 1000
1000 100 200 18 0.001 1-1-40 3 100678 100.678 189 1706 84 1.154-1.000-43.744 1686 84 2739 umi-tools 1 1 1.07 1063 0.9997 1.0000 0.9995 NA NA 1063
1000 100 200 18 0.001 1-1-40 3 100678 100.678 189 1706 84 1.154-1.000-43.744 1686 84 2739 calib 2 14 0.18 1065 0.9997 1.0000 0.9995 NA NA 1065
1000 100 200 18 0.001 1-1-40 3 100678 100.678 189 1706 84 1.154-1.000-43.744 1686 84 2739 humid 1 1 1.72 1058 0.9995 0.9998 0.9992 NA NA 1058
1000 100 200 18 0.001 1-1-40 3 100678 100.678 189 1706 84 1.154-1.000-43.744 1686 84 2739 humid-fixed 1 1 1.72 1094 0.9996 1.0000 0.9992 NA NA 1094
1000 100 200 18 0.001 1-1-40 3 100678 100.678 189 1706 84 1.154-1.000-43.744 1686 84 2739 humid-fixed-max 1 1 1.71 1092 0.9996 1.0000 0.9993 NA NA 1092
10000 100 200 18 0.001 1-1-40 1 1010017 101.002 198 16914 848 1.043-1.000-40.757 16754 848 27341 UMI-nea 1 14 10.51 10159 1.0000 1.0000 0.9999 47 negbinom 10000
10000 100 200 18 0.001 1-1-40 1 1010017 101.002 198 16914 848 1.043-1.000-40.757 16754 848 27341 umi-tools 1 1 10.65 10545 0.9998 1.0000 0.9997 NA NA 10545
10000 100 200 18 0.001 1-1-40 1 1010017 101.002 198 16914 848 1.043-1.000-40.757 16754 848 27341 calib 2 14 2.14 10640 0.9996 0.9997 0.9996 NA NA 10640
10000 100 200 18 0.001 1-1-40 1 1010017 101.002 198 16914 848 1.043-1.000-40.757 16754 848 27341 humid 1 1 18.40 10541 0.9996 0.9997 0.9994 NA NA 10541
10000 100 200 18 0.001 1-1-40 1 1010017 101.002 198 16914 848 1.043-1.000-40.757 16754 848 27341 humid-fixed 1 1 23.66 10922 0.9997 1.0000 0.9994 NA NA 10922
10000 100 200 18 0.001 1-1-40 1 1010017 101.002 198 16914 848 1.043-1.000-40.757 16754 848 27341 humid-fixed-max 1 1 17.25 10909 0.9997 1.0000 0.9994 NA NA 10909
10000 100 200 18 0.001 1-1-40 2 1009558 100.956 202 17165 855 1.041-1.000-40.967 17016 855 27602 UMI-nea 1 14 9.30 10148 1.0000 1.0000 0.9999 47 negbinom 10000
10000 100 200 18 0.001 1-1-40 2 1009558 100.956 202 17165 855 1.041-1.000-40.967 17016 855 27602 umi-tools 1 1 10.66 10568 0.9998 1.0000 0.9997 NA NA 10568
10000 100 200 18 0.001 1-1-40 2 1009558 100.956 202 17165 855 1.041-1.000-40.967 17016 855 27602 calib 2 14 2.10 10659 0.9996 0.9997 0.9996 NA NA 10659
10000 100 200 18 0.001 1-1-40 2 1009558 100.956 202 17165 855 1.041-1.000-40.967 17016 855 27602 humid 1 1 17.40 10528 0.9996 0.9997 0.9994 NA NA 10528
10000 100 200 18 0.001 1-1-40 2 1009558 100.956 202 17165 855 1.041-1.000-40.967 17016 855 27602 humid-fixed 1 1 18.38 10918 0.9997 1.0000 0.9994 NA NA 10918
10000 100 200 18 0.001 1-1-40 2 1009558 100.956 202 17165 855 1.041-1.000-40.967 17016 855 27602 humid-fixed-max 1 1 17.25 10902 0.9997 1.0000 0.9995 NA NA 10902
10000 100 200 18 0.001 1-1-40 3 1011402 101.14 201 17012 820 1.000-1.005-41.594 16866 819 27436 UMI-nea 1 14 9.20 10146 1.0000 1.0000 0.9999 47 negbinom 10000
10000 100 200 18 0.001 1-1-40 3 1011402 101.14 201 17012 820 1.000-1.005-41.594 16866 819 27436 umi-tools 1 1 10.87 10519 0.9998 1.0000 0.9997 NA NA 10519
10000 100 200 18 0.001 1-1-40 3 1011402 101.14 201 17012 820 1.000-1.005-41.594 16866 819 27436 calib 2 14 2.10 10613 0.9996 0.9997 0.9996 NA NA 10613
10000 100 200 18 0.001 1-1-40 3 1011402 101.14 201 17012 820 1.000-1.005-41.594 16866 819 27436 humid 1 1 17.73 10495 0.9996 0.9997 0.9995 NA NA 10495
10000 100 200 18 0.001 1-1-40 3 1011402 101.14 201 17012 820 1.000-1.005-41.594 16866 819 27436 humid-fixed 1 1 18.07 10873 0.9997 1.0000 0.9995 NA NA 10873
10000 100 200 18 0.001 1-1-40 3 1011402 101.14 201 17012 820 1.000-1.005-41.594 16866 819 27436 humid-fixed-max 1 1 17.28 10859 0.9997 1.0000 0.9995 NA NA 10859
1000 100 200 25 0.01 1-1-1 1 100771 100.771 202 8276 16516 1.005-1.000-1.005 6799 15307 21303 UMI-nea 3 14 1.35 1011 1.0000 1.0000 0.9999 49 negbinom 1000
1000 100 200 25 0.01 1-1-1 1 100771 100.771 202 8276 16516 1.005-1.000-1.005 6799 15307 21303 umi-tools 3 1 4.31 1448 0.9970 1.0000 0.9940 NA NA 1448
1000 100 200 25 0.01 1-1-1 1 100771 100.771 202 8276 16516 1.005-1.000-1.005 6799 15307 21303 calib 2 14 0.38 6702 0.9651 1.0000 0.9326 NA NA 6702
1000 100 200 25 0.01 1-1-1 1 100771 100.771 202 8276 16516 1.005-1.000-1.005 6799 15307 21303 humid 3 1 15.14 1322 0.9433 0.9280 0.9591 NA NA 1322
1000 100 200 25 0.01 1-1-1 1 100771 100.771 202 8276 16516 1.005-1.000-1.005 6799 15307 21303 humid-fixed 3 1 23.82 1555 0.9978 1.0000 0.9955 NA NA 1555
1000 100 200 25 0.01 1-1-1 1 100771 100.771 202 8276 16516 1.005-1.000-1.005 6799 15307 21303 humid-fixed-max 3 1 24.08 1204 0.9992 1.0000 0.9984 NA NA 1204
1000 100 200 25 0.01 1-1-1 2 100357 100.357 195 8308 16219 1.000-1.000-1.025 6761 15018 21056 UMI-nea 3 14 1.30 1009 1.0000 1.0000 0.9999 51 negbinom 1000
1000 100 200 25 0.01 1-1-1 2 100357 100.357 195 8308 16219 1.000-1.000-1.025 6761 15018 21056 umi-tools 3 1 4.21 1468 0.9969 1.0000 0.9939 NA NA 1468
1000 100 200 25 0.01 1-1-1 2 100357 100.357 195 8308 16219 1.000-1.000-1.025 6761 15018 21056 calib 2 14 0.36 6736 0.9649 1.0000 0.9321 NA NA 6736
1000 100 200 25 0.01 1-1-1 2 100357 100.357 195 8308 16219 1.000-1.000-1.025 6761 15018 21056 humid 3 1 15.02 1380 0.9434 0.9285 0.9588 NA NA 1380
1000 100 200 25 0.01 1-1-1 2 100357 100.357 195 8308 16219 1.000-1.000-1.025 6761 15018 21056 humid-fixed 3 1 23.08 1650 0.9974 1.0000 0.9948 NA NA 1650
1000 100 200 25 0.01 1-1-1 2 100357 100.357 195 8308 16219 1.000-1.000-1.025 6761 15018 21056 humid-fixed-max 3 1 22.74 1248 0.9990 1.0000 0.9980 NA NA 1248
1000 100 200 25 0.01 1-1-1 3 100635 100.635 204 8434 16484 1.000-1.011-1.029 6827 15238 21267 UMI-nea 3 14 1.35 1013 0.9999 1.0000 0.9999 48 negbinom 1000
1000 100 200 25 0.01 1-1-1 3 100635 100.635 204 8434 16484 1.000-1.011-1.029 6827 15238 21267 umi-tools 3 1 4.36 1433 0.9971 1.0000 0.9942 NA NA 1433
1000 100 200 25 0.01 1-1-1 3 100635 100.635 204 8434 16484 1.000-1.011-1.029 6827 15238 21267 calib 2 14 0.39 6856 0.9642 1.0000 0.9309 NA NA 6856
1000 100 200 25 0.01 1-1-1 3 100635 100.635 204 8434 16484 1.000-1.011-1.029 6827 15238 21267 humid 3 1 15.26 1358 0.9429 0.9277 0.9587 NA NA 1358
1000 100 200 25 0.01 1-1-1 3 100635 100.635 204 8434 16484 1.000-1.011-1.029 6827 15238 21267 humid-fixed 3 1 23.57 1621 0.9975 1.0000 0.9950 NA NA 1621
1000 100 200 25 0.01 1-1-1 3 100635 100.635 204 8434 16484 1.000-1.011-1.029 6827 15238 21267 humid-fixed-max 3 1 23.95 1223 0.9991 1.0000 0.9982 NA NA 1223
10000 100 200 25 0.01 1-1-1 1 1009456 100.946 205 83766 166075 1.000-1.000-1.009 68743 153557 213972 UMI-nea 3 14 106.12 10091 1.0000 1.0000 0.9999 51 negbinom 9999
10000 100 200 25 0.01 1-1-1 1 1009456 100.946 205 83766 166075 1.000-1.000-1.009 68743 153557 213972 umi-tools 3 1 431.04 14786 0.9976 1.0000 0.9952 NA NA 14786
10000 100 200 25 0.01 1-1-1 1 1009456 100.946 205 83766 166075 1.000-1.000-1.009 68743 153557 213972 calib 2 14 7.60 65205 0.9743 1.0000 0.9498 NA NA 65205
10000 100 200 25 0.01 1-1-1 1 1009456 100.946 205 83766 166075 1.000-1.000-1.009 68743 153557 213972 humid 3 1 316.13 13652 0.9475 0.9273 0.9686 NA NA 13652
10000 100 200 25 0.01 1-1-1 1 1009456 100.946 205 83766 166075 1.000-1.000-1.009 68743 153557 213972 humid-fixed 3 1 482.69 16294 0.9981 1.0000 0.9962 NA NA 16294
10000 100 200 25 0.01 1-1-1 1 1009456 100.946 205 83766 166075 1.000-1.000-1.009 68743 153557 213972 humid-fixed-max 3 1 502.29 12280 0.9993 1.0000 0.9986 NA NA 12280
10000 100 200 25 0.01 1-1-1 2 1010519 101.052 204 83341 166318 1.000-1.001-1.003 68230 153525 213531 UMI-nea 3 14 108.70 10073 1.0000 1.0000 1.0000 52 negbinom 10000
10000 100 200 25 0.01 1-1-1 2 1010519 101.052 204 83341 166318 1.000-1.001-1.003 68230 153525 213531 umi-tools 3 1 439.88 14728 0.9977 1.0000 0.9953 NA NA 14728
10000 100 200 25 0.01 1-1-1 2 1010519 101.052 204 83341 166318 1.000-1.001-1.003 68230 153525 213531 calib 2 14 7.56 64500 0.9747 1.0000 0.9506 NA NA 64500
10000 100 200 25 0.01 1-1-1 2 1010519 101.052 204 83341 166318 1.000-1.001-1.003 68230 153525 213531 humid 3 1 306.15 13700 0.9475 0.9274 0.9686 NA NA 13700
10000 100 200 25 0.01 1-1-1 2 1010519 101.052 204 83341 166318 1.000-1.001-1.003 68230 153525 213531 humid-fixed 3 1 482.07 16342 0.9981 1.0000 0.9962 NA NA 16342
10000 100 200 25 0.01 1-1-1 2 1010519 101.052 204 83341 166318 1.000-1.001-1.003 68230 153525 213531 humid-fixed-max 3 1 476.32 12304 0.9993 1.0000 0.9986 NA NA 12304
10000 100 200 25 0.01 1-1-1 3 1009138 100.914 201 83245 166676 1.002-1.000-1.000 68158 154070 214019 UMI-nea 3 14 108.79 10083 1.0000 1.0000 0.9999 51 negbinom 10000
10000 100 200 25 0.01 1-1-1 3 1009138 100.914 201 83245 166676 1.002-1.000-1.000 68158 154070 214019 umi-tools 3 1 434.18 14703 0.9977 1.0000 0.9953 NA NA 14703
10000 100 200 25 0.01 1-1-1 3 1009138 100.914 201 83245 166676 1.002-1.000-1.000 68158 154070 214019 calib 2 14 7.60 65674 0.9740 1.0000 0.9493 NA NA 65674
10000 100 200 25 0.01 1-1-1 3 1009138 100.914 201 83245 166676 1.002-1.000-1.000 68158 154070 214019 humid 3 1 305.32 13715 0.9473 0.9271 0.9685 NA NA 13715
10000 100 200 25 0.01 1-1-1 3 1009138 100.914 201 83245 166676 1.002-1.000-1.000 68158 154070 214019 humid-fixed 3 1 480.35 16372 0.9981 1.0000 0.9962 NA NA 16372
10000 100 200 25 0.01 1-1-1 3 1009138 100.914 201 83245 166676 1.002-1.000-1.000 68158 154070 214019 humid-fixed-max 3 1 481.14 12253 0.9993 1.0000 0.9986 NA NA 12253
1000 100 200 50 0.01 1-1-1 1 101098 101.098 191 16767 33339 1.005-1.000-1.009 11083 28448 38233 UMI-nea 4 14 3.84 1011 1.0000 1.0000 0.9999 50 negbinom 1000
1000 100 200 50 0.01 1-1-1 1 101098 101.098 191 16767 33339 1.005-1.000-1.009 11083 28448 38233 umi-tools 4 1 11.96 1479 0.9971 1.0000 0.9942 NA NA 1479
1000 100 200 50 0.01 1-1-1 1 101098 101.098 191 16767 33339 1.005-1.000-1.009 11083 28448 38233 calib 2 14 2.62 15801 0.9231 1.0000 0.8571 NA NA 15801
1000 100 200 50 0.01 1-1-1 1 101098 101.098 191 16767 33339 1.005-1.000-1.009 11083 28448 38233 humid 4 1 421.18 1473 0.9019 0.8699 0.9363 NA NA 1473
1000 100 200 50 0.01 1-1-1 1 101098 101.098 191 16767 33339 1.005-1.000-1.009 11083 28448 38233 humid-fixed 4 1 718.17 1796 0.9968 1.0000 0.9936 NA NA 1796
1000 100 200 50 0.01 1-1-1 1 101098 101.098 191 16767 33339 1.005-1.000-1.009 11083 28448 38233 humid-fixed-max 4 1 711.33 1347 0.9986 1.0000 0.9972 NA NA 1347
1000 100 200 50 0.01 1-1-1 2 101088 101.088 210 16597 33429 1.022-1.000-1.004 11154 28502 38349 UMI-nea 4 14 3.98 1018 0.9999 1.0000 0.9999 45 negbinom 1000
1000 100 200 50 0.01 1-1-1 2 101088 101.088 210 16597 33429 1.022-1.000-1.004 11154 28502 38349 umi-tools 4 1 11.94 1471 0.9971 1.0000 0.9941 NA NA 1471
1000 100 200 50 0.01 1-1-1 2 101088 101.088 210 16597 33429 1.022-1.000-1.004 11154 28502 38349 calib 2 14 2.75 15966 0.9222 1.0000 0.8557 NA NA 15966
1000 100 200 50 0.01 1-1-1 2 101088 101.088 210 16597 33429 1.022-1.000-1.004 11154 28502 38349 humid 4 1 425.90 1462 0.9026 0.8709 0.9367 NA NA 1462
1000 100 200 50 0.01 1-1-1 2 101088 101.088 210 16597 33429 1.022-1.000-1.004 11154 28502 38349 humid-fixed 4 1 738.17 1794 0.9968 1.0000 0.9936 NA NA 1794
1000 100 200 50 0.01 1-1-1 2 101088 101.088 210 16597 33429 1.022-1.000-1.004 11154 28502 38349 humid-fixed-max 4 1 719.49 1315 0.9987 1.0000 0.9975 NA NA 1315
1000 100 200 50 0.01 1-1-1 3 100578 100.578 188 16576 33071 1.000-1.013-1.009 11023 28225 37931 UMI-nea 4 14 3.86 1009 1.0000 1.0000 0.9999 51 negbinom 1000
1000 100 200 50 0.01 1-1-1 3 100578 100.578 188 16576 33071 1.000-1.013-1.009 11023 28225 37931 umi-tools 4 1 12.05 1454 0.9972 1.0000 0.9944 NA NA 1454
1000 100 200 50 0.01 1-1-1 3 100578 100.578 188 16576 33071 1.000-1.013-1.009 11023 28225 37931 calib 2 14 2.87 15794 0.9232 1.0000 0.8573 NA NA 15794
1000 100 200 50 0.01 1-1-1 3 100578 100.578 188 16576 33071 1.000-1.013-1.009 11023 28225 37931 humid 4 1 404.80 1500 0.9014 0.8693 0.9359 NA NA 1500
1000 100 200 50 0.01 1-1-1 3 100578 100.578 188 16576 33071 1.000-1.013-1.009 11023 28225 37931 humid-fixed 4 1 698.86 1802 0.9968 1.0000 0.9936 NA NA 1802
1000 100 200 50 0.01 1-1-1 3 100578 100.578 188 16576 33071 1.000-1.013-1.009 11023 28225 37931 humid-fixed-max 4 1 692.13 1359 0.9986 1.0000 0.9971 NA NA 1359
10000 100 200 50 0.01 1-1-1 1 1010971 101.097 200 166946 333951 1.000-1.003-1.001 110960 284723 382694 UMI-nea 4 14 356.89 10127 1.0000 1.0000 0.9999 49 negbinom 10000
10000 100 200 50 0.01 1-1-1 1 1010971 101.097 200 166946 333951 1.000-1.003-1.001 110960 284723 382694 umi-tools 4 1 2278.43 14787 0.9978 1.0000 0.9956 NA NA 14787
10000 100 200 50 0.01 1-1-1 1 1010971 101.097 200 166946 333951 1.000-1.003-1.001 110960 284723 382694 calib 2 14 47.10 158484 0.9412 1.0000 0.8890 NA NA 158484
10000 100 200 50 0.01 1-1-1 1 1010971 101.097 200 166946 333951 1.000-1.003-1.001 110960 284723 382694 humid 4 1 6599.22 14983 0.9085 0.8694 0.9512 NA NA 14983
10000 100 200 50 0.01 1-1-1 1 1010971 101.097 200 166946 333951 1.000-1.003-1.001 110960 284723 382694 humid-fixed 4 1 11047.65 18200 0.9975 1.0000 0.9951 NA NA 18200
10000 100 200 50 0.01 1-1-1 1 1010971 101.097 200 166946 333951 1.000-1.003-1.001 110960 284723 382694 humid-fixed-max 4 1 10909.53 13544 0.9989 1.0000 0.9979 NA NA 13544
10000 100 200 50 0.01 1-1-1 2 1010020 101.002 198 166605 332600 1.005-1.000-1.004 110801 283883 381991 UMI-nea 4 14 348.95 10120 1.0000 1.0000 0.9999 49 negbinom 9999
10000 100 200 50 0.01 1-1-1 2 1010020 101.002 198 166605 332600 1.005-1.000-1.004 110801 283883 381991 umi-tools 4 1 1979.44 14713 0.9978 1.0000 0.9956 NA NA 14713
10000 100 200 50 0.01 1-1-1 2 1010020 101.002 198 166605 332600 1.005-1.000-1.004 110801 283883 381991 calib 2 14 44.89 157839 0.9413 1.0000 0.8891 NA NA 157839
10000 100 200 50 0.01 1-1-1 2 1010020 101.002 198 166605 332600 1.005-1.000-1.004 110801 283883 381991 humid 4 1 6416.39 14901 0.9089 0.8700 0.9514 NA NA 14901
10000 100 200 50 0.01 1-1-1 2 1010020 101.002 198 166605 332600 1.005-1.000-1.004 110801 283883 381991 humid-fixed 4 1 11134.38 18075 0.9976 1.0000 0.9951 NA NA 18075
10000 100 200 50 0.01 1-1-1 2 1010020 101.002 198 166605 332600 1.005-1.000-1.004 110801 283883 381991 humid-fixed-max 4 1 11157.64 13518 0.9989 1.0000 0.9979 NA NA 13518
10000 100 200 50 0.01 1-1-1 3 1011521 101.152 199 167761 333906 1.002-1.000-1.006 111347 284629 383054 UMI-nea 4 14 344.46 10140 1.0000 1.0000 0.9999 48 negbinom 10000
10000 100 200 50 0.01 1-1-1 3 1011521 101.152 199 167761 333906 1.002-1.000-1.006 111347 284629 383054 umi-tools 4 1 1703.32 14781 0.9978 1.0000 0.9956 NA NA 14781
10000 100 200 50 0.01 1-1-1 3 1011521 101.152 199 167761 333906 1.002-1.000-1.006 111347 284629 383054 calib 2 14 44.89 158394 0.9412 1.0000 0.8889 NA NA 158394
10000 100 200 50 0.01 1-1-1 3 1011521 101.152 199 167761 333906 1.002-1.000-1.006 111347 284629 383054 humid 4 1 6533.22 15015 0.9087 0.8698 0.9513 NA NA 15015
10000 100 200 50 0.01 1-1-1 3 1011521 101.152 199 167761 333906 1.002-1.000-1.006 111347 284629 383054 humid-fixed 4 1 11038.17 18089 0.9976 1.0000 0.9951 NA NA 18089
10000 100 200 50 0.01 1-1-1 3 1011521 101.152 199 167761 333906 1.002-1.000-1.006 111347 284629 383054 humid-fixed-max 4 1 11004.58 13551 0.9989 1.0000 0.9979 NA NA 13551
1000 100 200 25 0.03 1-1-1 1 101260 101.26 200 25099 50236 1.000-1.021-1.010 13730 39960 48896 UMI-nea 5 14 3.12 1006 1.0000 1.0000 1.0000 53 negbinom 1000
1000 100 200 25 0.03 1-1-1 1 101260 101.26 200 25099 50236 1.000-1.021-1.010 13730 39960 48896 umi-tools 5 1 41.52 1545 0.9948 0.9986 0.9910 NA NA 1545
1000 100 200 25 0.03 1-1-1 1 101260 101.26 200 25099 50236 1.000-1.021-1.010 13730 39960 48896 calib 2 14 0.82 10668 0.9356 1.0000 0.8790 NA NA 10668
1000 100 200 25 0.03 1-1-1 1 101260 101.26 200 25099 50236 1.000-1.021-1.010 13730 39960 48896 humid 5 1 1363.72 1434 0.8670 0.8198 0.9201 NA NA 1434
1000 100 200 25 0.03 1-1-1 1 101260 101.26 200 25099 50236 1.000-1.021-1.010 13730 39960 48896 humid-fixed 5 1 2314.99 1596 0.9975 0.9999 0.9951 NA NA 1596
1000 100 200 25 0.03 1-1-1 1 101260 101.26 200 25099 50236 1.000-1.021-1.010 13730 39960 48896 humid-fixed-max 5 1 2298.18 1082 0.9989 0.9984 0.9993 NA NA 1082
1000 100 200 25 0.03 1-1-1 2 101386 101.386 202 24984 50122 1.002-1.004-1.000 13700 39851 48700 UMI-nea 5 14 2.99 1005 1.0000 1.0000 1.0000 54 negbinom 1000
1000 100 200 25 0.03 1-1-1 2 101386 101.386 202 24984 50122 1.002-1.004-1.000 13700 39851 48700 umi-tools 5 1 39.81 1572 0.9941 0.9981 0.9902 NA NA 1572
1000 100 200 25 0.03 1-1-1 2 101386 101.386 202 24984 50122 1.002-1.004-1.000 13700 39851 48700 calib 2 14 0.81 10347 0.9368 1.0000 0.8811 NA NA 10347
1000 100 200 25 0.03 1-1-1 2 101386 101.386 202 24984 50122 1.002-1.004-1.000 13700 39851 48700 humid 5 1 1417.33 1392 0.8691 0.8225 0.9213 NA NA 1392
1000 100 200 25 0.03 1-1-1 2 101386 101.386 202 24984 50122 1.002-1.004-1.000 13700 39851 48700 humid-fixed 5 1 2367.83 1553 0.9978 1.0000 0.9956 NA NA 1553
1000 100 200 25 0.03 1-1-1 2 101386 101.386 202 24984 50122 1.002-1.004-1.000 13700 39851 48700 humid-fixed-max 5 1 0.00 0 0.0000 0.0000 0.0000 NA NA 0
1000 100 200 25 0.03 1-1-1 3 101368 101.368 198 25250 49772 1.010-1.000-1.020 13797 39445 48571 UMI-nea 5 14 3.36 1004 1.0000 1.0000 1.0000 55 negbinom 1000
1000 100 200 25 0.03 1-1-1 3 101368 101.368 198 25250 49772 1.010-1.000-1.020 13797 39445 48571 umi-tools 5 1 39.68 1552 0.9950 0.9990 0.9911 NA NA 1552
1000 100 200 25 0.03 1-1-1 3 101368 101.368 198 25250 49772 1.010-1.000-1.020 13797 39445 48571 calib 2 14 0.81 10378 0.9368 1.0000 0.8811 NA NA 10378
1000 100 200 25 0.03 1-1-1 3 101368 101.368 198 25250 49772 1.010-1.000-1.020 13797 39445 48571 humid 5 1 1352.95 1436 0.8716 0.8262 0.9222 NA NA 1436
1000 100 200 25 0.03 1-1-1 3 101368 101.368 198 25250 49772 1.010-1.000-1.020 13797 39445 48571 humid-fixed 5 1 2311.22 1613 0.9975 1.0000 0.9951 NA NA 1613
1000 100 200 25 0.03 1-1-1 3 101368 101.368 198 25250 49772 1.010-1.000-1.020 13797 39445 48571 humid-fixed-max 5 1 2314.65 1109 0.9991 0.9992 0.9991 NA NA 1109
10000 100 200 25 0.03 1-1-1 1 1008932 100.893 201 250224 499310 1.001-1.000-1.003 136709 395760 485555 UMI-nea 5 14 255.86 10043 1.0000 1.0000 1.0000 54 negbinom 9999
10000 100 200 25 0.03 1-1-1 1 1008932 100.893 201 250224 499310 1.001-1.000-1.003 136709 395760 485555 umi-tools 5 1 5208.59 15584 0.9876 0.9891 0.9861 NA NA 15584
10000 100 200 25 0.03 1-1-1 1 1008932 100.893 201 250224 499310 1.001-1.000-1.003 136709 395760 485555 calib 2 14 14.33 100307 0.9532 0.9996 0.9108 NA NA 100307
10000 100 200 25 0.03 1-1-1 1 1008932 100.893 201 250224 499310 1.001-1.000-1.003 136709 395760 485555 humid 5 1 0.00 0 0.0000 0.0000 0.0000 NA NA 0
1000 100 200 50 0.03 1-1-1 1 101154 101.154 203 49889 100095 1.002-1.004-1.000 14551 63626 76326 UMI-nea 8 14 7.56 1002 1.0000 1.0000 1.0000 56 negbinom 1000
1000 100 200 50 0.03 1-1-1 1 101154 101.154 203 49889 100095 1.002-1.004-1.000 14551 63626 76326 umi-tools 8 1 71.42 1227 0.9984 1.0000 0.9969 NA NA 1227
1000 100 200 50 0.03 1-1-1 1 101154 101.154 203 49889 100095 1.002-1.004-1.000 14551 63626 76326 calib 2 14 6.40 38094 0.8449 1.0000 0.7315 NA NA 38094
10000 100 200 50 0.03 1-1-1 1 1008759 100.876 203 500367 997224 1.000-1.000-1.004 146053 634409 762187 UMI-nea 8 14 710.18 10011 1.0000 1.0000 1.0000 57 negbinom 9999
10000 100 200 50 0.03 1-1-1 1 1008759 100.876 203 500367 997224 1.000-1.000-1.004 146053 634409 762187 umi-tools 8 1 12812.48 12431 0.9988 1.0000 0.9975 NA NA 12431
10000 100 200 50 0.03 1-1-1 1 1008759 100.876 203 500367 997224 1.000-1.000-1.004 146053 634409 762187 calib 2 14 91.69 371435 0.8808 1.0000 0.7870 NA NA 371435
